   9.99999978E-03   534.638733      -6.24847412E-02
   1.99999996E-02   533.661865     -0.102432251    
   2.99999993E-02   532.737488      -9.36279297E-02
   3.99999991E-02   531.831482      -7.01599121E-02
   4.99999970E-02   530.847107     -0.128784180    
   5.99999949E-02   529.968445      -8.53729248E-02
   6.99999928E-02   529.113525      -2.19268799E-02
   7.99999908E-02   528.176514      -4.42199707E-02
   8.99999887E-02   527.301270      -8.40759277E-03
   9.99999866E-02   526.423462       2.12097168E-02
  0.109999985       525.544617       4.61578369E-02
  0.119999982       524.734070      0.135803223    
  0.129999980       523.879333      0.177658081    
  0.139999986       522.960938      0.152297974    
  0.149999991       522.054382      0.135192871    
  0.159999996       521.218323      0.185028076    
  0.170000002       520.302185      0.151260376    
  0.180000007       519.328918       5.68389893E-02
  0.190000013       518.495544       9.88006592E-02
  0.200000018       517.653870      0.128982544    
  0.210000023       516.728394       7.18536377E-02
  0.220000029       515.851624       5.99822998E-02
  0.230000034       514.978271       4.80804443E-02
  0.240000039       514.139709       6.75201416E-02
  0.250000030       513.339661      0.122039795    
  0.260000020       512.548828      0.182388306    
  0.270000011       511.720825      0.202148438    
  0.280000001       510.849060      0.174758911    
  0.289999992       509.962952      0.129669189    
  0.299999982       509.183868      0.188247681    
  0.309999973       508.398834      0.237518311    
  0.319999963       507.574341      0.244018555    
  0.329999954       506.747162      0.244506836    
  0.339999944       505.885895      0.207580566    
  0.349999934       505.092072      0.234832764    
  0.359999925       504.218262      0.178817749    
  0.369999915       503.393127      0.168197632    
  0.379999906       502.593536      0.179901123    
  0.389999896       501.754517      0.148910522    
  0.399999887       500.961609      0.160812378    
  0.409999877       500.266083      0.266876221    
  0.419999868       499.464966      0.264160156    
  0.429999858       498.642426      0.236846924    
  0.439999849       497.923553      0.309997559    
  0.449999839       497.267029      0.442352295    
  0.459999830       496.451447      0.412490845    
  0.469999820       495.626678      0.370315552    
  0.479999810       494.841797      0.364898682    
  0.489999801       494.085785      0.385238647    
  0.499999791       493.262665      0.335372925    
  0.509999812       492.455475      0.298355103    
  0.519999802       491.716797      0.326766968    
  0.529999793       490.997162      0.371154785    
  0.539999783       490.184387      0.319366455    
  0.549999774       489.405182      0.298110962    
  0.559999764       488.696869      0.344711304    
  0.569999754       487.973389      0.373138428    
  0.579999745       487.290680      0.439315796    
  0.589999735       486.499878      0.394439697    
  0.599999726       485.751221      0.388717651    
  0.609999716       484.959137      0.336593628    
  0.619999707       484.219971      0.334442139    
  0.629999697       483.449707      0.298263550    
  0.639999688       482.708038      0.287719727    
  0.649999678       481.970642      0.278549194    
  0.659999669       481.210785      0.244003296    
  0.669999659       480.484863      0.240509033    
  0.679999650       479.842529      0.317718506    
  0.689999640       479.065613      0.257461548    
  0.699999630       478.371765      0.277420044    
  0.709999621       477.616791      0.233398438    
  0.719999611       476.895020      0.219741821    
  0.729999602       476.228851      0.258865356    
  0.739999592       475.526062      0.258529663    
  0.749999583       474.860718      0.292877197    
  0.759999573       474.213226      0.342254639    
  0.769999564       473.444916      0.268035889    
  0.779999554       472.664398      0.178848267    
  0.789999545       472.018463      0.221481323    
  0.799999535       471.298615      0.187438965    
  0.809999526       470.575684      0.147583008    
  0.819999516       469.881134      0.133392334    
  0.829999506       469.186615      0.116500854    
  0.839999497       468.443207       4.80194092E-02
  0.849999487       467.741455       1.85089111E-02
  0.859999478       467.007141      -4.62493896E-02
  0.869999468       466.306641      -7.98797607E-02
  0.879999459       465.554535     -0.167770386    
  0.889999449       464.831268     -0.229476929    
  0.899999440       464.161957     -0.239852905    
  0.909999430       463.429779     -0.315734863    
  0.919999421       462.779297     -0.312545776    
  0.929999411       462.123810     -0.316986084    
  0.939999402       461.539551     -0.252777100    
  0.949999392       460.903412     -0.243026733    
  0.959999382       460.184875     -0.318267822    
  0.969999373       459.602783     -0.259628296    
  0.979999363       458.899963     -0.324279785    
  0.989999354       458.271912     -0.316711426    
  0.999999344       457.696472     -0.259063721    
   1.00999939       457.064240     -0.260726929    
   1.01999938       456.509918     -0.187011719    
   1.02999938       455.796478     -0.274917603    
   1.03999937       455.116364     -0.331985474    
   1.04999936       454.572174     -0.255630493    
   1.05999935       454.047546     -0.162185669    
   1.06999934       453.487762     -0.106369019    
   1.07999933       452.981812       8.39233398E-04
   1.08999932       452.348480      -2.17895508E-02
   1.09999931       451.772919       1.09100342E-02
   1.10999930       451.211548       5.53741455E-02
   1.11999929       450.518005      -3.47595215E-02
   1.12999928       449.881348      -7.04040527E-02
   1.13999927       449.342590      -1.05590820E-02
   1.14999926       448.765533       8.60595703E-03
   1.15999925       448.170959       7.87353516E-03
   1.16999924       447.614014       4.23889160E-02
   1.17999923       446.958374      -2.41394043E-02
   1.18999922       446.365326      -3.04260254E-02
   1.19999921       445.807129      -4.21142578E-03
   1.20999920       445.203979      -2.52838135E-02
   1.21999919       444.536957     -0.112564087    
   1.22999918       443.978882      -9.31854248E-02
   1.23999918       443.401794      -9.51232910E-02
   1.24999917       442.791840     -0.132247925    
   1.25999916       442.198761     -0.154769897    
   1.26999915       441.654236     -0.131027222    
   1.27999914       441.045624     -0.173629761    
   1.28999913       440.395935     -0.259552002    
   1.29999912       439.820312     -0.273696899    
   1.30999911       439.250549     -0.284194946    
   1.31999910       438.663666     -0.314056396    
   1.32999909       438.084290     -0.338638306    
   1.33999908       437.626038     -0.244308472    
   1.34999907       437.061646     -0.258316040    
   1.35999906       436.531677     -0.240112305    
   1.36999905       435.949280     -0.276504517    
   1.37999904       435.422363     -0.259597778    
   1.38999903       434.851257     -0.289062500    
   1.39999902       434.221069     -0.379776001    
   1.40999901       433.677124     -0.386398315    
   1.41999900       433.205292     -0.323043823    
   1.42999899       432.625885     -0.369400024    
   1.43999898       432.007324     -0.457046509    
   1.44999897       431.532959     -0.402618408    
   1.45999897       431.059082     -0.349807739    
   1.46999896       430.498260     -0.386032104    
   1.47999895       429.993042     -0.368774414    
   1.48999894       429.385956     -0.455444336    
   1.49999893       428.867706     -0.455383301    
   1.50999892       428.390961     -0.415863037    
   1.51999891       427.808807     -0.483810425    
   1.52999890       427.244507     -0.535964966    
   1.53999889       426.748627     -0.521743774    
   1.54999888       426.140778     -0.621528625    
   1.55999887       425.619843     -0.636428833    
   1.56999886       424.991638     -0.760612488    
   1.57999885       424.480408     -0.769851685    
   1.58999884       423.899261     -0.850997925    
   1.59999883       423.444519     -0.807731628    
   1.60999882       422.948944     -0.807296753    
   1.61999881       422.507172     -0.755020142    
   1.62999880       421.993225     -0.776901245    
   1.63999879       421.541382     -0.738647461    
   1.64999878       421.043610     -0.748291016    
   1.65999877       420.530182     -0.775520325    
   1.66999876       420.045044     -0.776405334    
   1.67999876       419.610016     -0.729118347    
   1.68999875       419.162872     -0.695854187    
   1.69999874       418.702148     -0.678108215    
   1.70999873       418.223145     -0.680549622    
   1.71999872       417.685059     -0.743957520    
   1.72999871       417.244965     -0.711288452    
   1.73999870       416.796051     -0.689315796    
   1.74999869       416.268555     -0.747817993    
   1.75999868       415.924805     -0.624435425    
   1.76999867       415.549133     -0.534835815    
   1.77999866       415.065948     -0.554618835    
   1.78999865       414.652985     -0.506019592    
   1.79999864       414.230438     -0.468856812    
   1.80999863       413.779846     -0.461563110    
   1.81999862       413.315918     -0.469444275    
   1.82999861       412.892456     -0.438667297    
   1.83999860       412.452148     -0.426551819    
   1.84999859       411.918701     -0.509399414    
   1.85999858       411.453674     -0.525604248    
   1.86999857       411.100433     -0.431823730    
   1.87999856       410.666626     -0.420394897    
   1.88999856       410.224548     -0.419013977    
   1.89999855       409.803772     -0.398101807    
   1.90999854       409.316559     -0.445388794    
   1.91999853       408.887360     -0.436416626    
   1.92999852       408.485016     -0.402336121    
   1.93999851       408.037262     -0.415412903    
   1.94999850       407.654114     -0.365623474    
   1.95999849       407.240234     -0.348281860    
   1.96999848       406.851166     -0.307853699    
   1.97999847       406.408508     -0.322731018    
   1.98999846       405.954590     -0.350578308    
   1.99999845       405.536194     -0.344612122    
   2.00999856       405.173279     -0.284835815    
   2.01999855       404.780426     -0.256698608    
   2.02999854       404.351471     -0.266342163    
   2.03999853       403.996094     -0.204093933    
   2.04999852       403.619568     -0.164649963    
   2.05999851       403.175995     -0.193916321    
   2.06999850       402.765228     -0.192024231    
   2.07999849       402.324371     -0.221878052    
   2.08999848       401.967133     -0.169754028    
   2.09999847       401.564819     -0.164329529    
   2.10999846       401.107452     -0.215599060    
   2.11999846       400.661957     -0.256607056    
   2.12999845       400.298004     -0.217689514    
   2.13999844       399.926880     -0.187561035    
   2.14999843       399.559235     -0.155548096    
   2.15999842       399.202728     -0.113990784    
   2.16999841       398.843628      -7.66220093E-02
   2.17999840       398.429382      -9.59777832E-02
   2.18999839       398.035217      -9.68246460E-02
   2.19999838       397.711029      -2.92739868E-02
   2.20999837       397.272888      -7.72323608E-02
   2.21999836       396.886566      -7.49359131E-02
   2.22999835       396.571655      -2.76947021E-03
   2.23999834       396.085114     -0.103790283    
   2.24999833       395.629395     -0.175521851    
   2.25999832       395.232819     -0.189636230    
   2.26999831       394.943176      -9.83581543E-02
   2.27999830       394.553528     -0.108596802    
   2.28999829       394.111481     -0.172752380    
   2.29999828       393.692505     -0.215347290    
   2.30999827       393.264465     -0.268508911    
   2.31999826       392.917938     -0.241645813    
   2.32999825       392.563568     -0.224121094    
   2.33999825       392.168335     -0.248954773    
   2.34999824       391.789581     -0.258773804    
   2.35999823       391.399017     -0.281875610    
   2.36999822       391.122253     -0.192649841    
   2.37999821       390.741302     -0.209075928    
   2.38999820       390.387390     -0.199913025    
   2.39999819       390.038544     -0.187133789    
   2.40999818       389.611908     -0.253585815    
   2.41999817       389.218384     -0.288360596    
   2.42999816       388.847504     -0.301933289    
   2.43999815       388.457153     -0.336402893    
   2.44999814       388.147064     -0.292022705    
   2.45999813       387.718536     -0.367500305    
   2.46999812       387.355164     -0.379234314    
   2.47999811       387.070740     -0.313423157    
   2.48999810       386.759827     -0.275497437    
   2.49999809       386.365356     -0.322525024    
   2.50999808       386.030487     -0.311332703    
   2.51999807       385.706360     -0.290786743    
   2.52999806       385.396637     -0.257202148    
   2.53999805       384.990387     -0.321525574    
   2.54999804       384.638580     -0.332756042    
   2.55999804       384.260345     -0.371795654    
   2.56999803       383.845276     -0.449012756    
   2.57999802       383.462250     -0.495536804    
   2.58999801       383.158600     -0.464027405    
   2.59999800       382.839203     -0.449592590    
   2.60999799       382.486389     -0.469917297    
   2.61999798       382.132965     -0.492187500    
   2.62999797       381.766418     -0.528884888    
   2.63999796       381.462860     -0.503929138    
   2.64999795       381.102234     -0.537338257    
   2.65999794       380.730225     -0.583442688    
   2.66999793       380.447754     -0.541313171    
   2.67999792       380.130371     -0.535377502    
   2.68999791       379.807343     -0.536399841    
   2.69999790       379.427246     -0.595756531    
   2.70999789       379.109741     -0.593811035    
   2.71999788       378.717804     -0.667572021    
   2.72999787       378.360687     -0.707778931    
   2.73999786       378.053741     -0.699089050    
   2.74999785       377.728790     -0.709648132    
   2.75999784       377.384613     -0.740707397    
   2.76999784       377.096283     -0.717155457    
   2.77999783       376.875092     -0.627716064    
   2.78999782       376.547455     -0.645965576    
   2.79999781       376.231750     -0.653503418    
   2.80999780       375.943481     -0.634857178    
   2.81999779       375.587799     -0.684837341    
   2.82999778       375.247925     -0.720222473    
   2.83999777       374.954651     -0.710235596    
   2.84999776       374.719330     -0.643501282    
   2.85999775       374.418152     -0.643836975    
   2.86999774       374.185730     -0.576606750    
   2.87999773       373.874542     -0.589332581    
   2.88999772       373.548065     -0.618560791    
   2.89999771       373.335785     -0.534759521    
   2.90999770       373.036987     -0.538673401    
   2.91999769       372.756287     -0.525657654    
   2.92999768       372.501129     -0.488265991    
   2.93999767       372.222839     -0.475189209    
   2.94999766       371.889740     -0.518074036    
   2.95999765       371.629364     -0.489395142    
   2.96999764       371.401642     -0.429222107    
   2.97999763       371.134399     -0.409713745    
   2.98999763       370.869354     -0.389160156    
   2.99999762       370.550385     -0.423660278    
   3.00999761       370.239746     -0.450965881    
   3.01999760       369.991425     -0.417098999    
   3.02999759       369.718811     -0.408638000    
   3.03999758       369.407135     -0.440368652    
   3.04999757       369.102478     -0.466186523    
   3.05999756       368.771210     -0.519737244    
   3.06999755       368.508545     -0.505798340    
   3.07999754       368.249268     -0.489562988    
   3.08999753       367.935944     -0.528480530    
   3.09999752       367.663971     -0.527137756    
   3.10999751       367.452545     -0.466354370    
   3.11999750       367.194763     -0.453002930    
   3.12999749       366.872162     -0.505546570    
   3.13999748       366.606812     -0.501930237    
   3.14999747       366.264557     -0.576286316    
   3.15999746       365.975037     -0.598976135    
   3.16999745       365.696442     -0.611816406    
   3.17999744       365.376465     -0.667076111    
   3.18999743       365.130920     -0.648986816    
   3.19999743       364.888153     -0.629150391    
   3.20999742       364.663452     -0.592308044    
   3.21999741       364.412689     -0.582572937    
   3.22999740       364.176819     -0.558982849    
   3.23999739       363.924377     -0.552993774    
   3.24999738       363.574921     -0.645057678    
   3.25999737       363.274902     -0.688713074    
   3.26999736       362.941254     -0.767017365    
   3.27999735       362.656982     -0.796962738    
   3.28999734       362.427673     -0.772964478    
   3.29999733       362.253082     -0.695251465    
   3.30999732       361.958832     -0.738216400    
   3.31999731       361.679871     -0.766895294    
   3.32999730       361.433441     -0.764034271    
   3.33999729       361.204193     -0.744987488    
   3.34999728       361.009247     -0.692630768    
   3.35999727       360.828033     -0.627532959    
   3.36999726       360.589630     -0.620605469    
   3.37999725       360.286957     -0.678924561    
   3.38999724       360.020447     -0.702064514    
   3.39999723       359.752289     -0.727813721    
   3.40999722       359.485352     -0.753311157    
   3.41999722       359.182770     -0.815429688    
   3.42999721       358.930359     -0.828315735    
   3.43999720       358.747375     -0.772747040    
   3.44999719       358.483337     -0.799179077    
   3.45999718       358.267334     -0.778526306    
   3.46999717       358.056152     -0.753997803    
   3.47999716       357.841125     -0.734249115    
   3.48999715       357.693146     -0.648399353    
   3.49999714       357.452637     -0.656005859    
   3.50999713       357.202820     -0.673854828    
   3.51999712       357.004852     -0.640781403    
   3.52999711       356.782715     -0.632793427    
   3.53999710       356.519409     -0.666896820    
   3.54999709       356.253662     -0.704353333    
   3.55999708       356.044495     -0.686145782    
   3.56999707       355.834839     -0.669334412    
   3.57999706       355.611237     -0.667369843    
   3.58999705       355.346802     -0.707141876    
   3.59999704       355.103302     -0.726871490    
   3.60999703       354.871155     -0.736145020    
   3.61999702       354.716553     -0.668766022    
   3.62999701       354.451782     -0.712432861    
   3.63999701       354.217590     -0.726413727    
   3.64999700       353.985321     -0.739341736    
   3.65999699       353.774902     -0.731300354    
   3.66999698       353.585297     -0.703323364    
   3.67999697       353.359711     -0.712181091    
   3.68999696       353.115662     -0.740375519    
   3.69999695       352.921082     -0.719963074    
   3.70999694       352.752106     -0.674800873    
   3.71999693       352.603180     -0.610454559    
   3.72999692       352.477478     -0.523719788    
   3.73999691       352.323792     -0.465827942    
   3.74999690       352.107971     -0.470905304    
   3.75999689       351.877899     -0.491088867    
   3.76999688       351.634033     -0.525897980    
   3.77999687       351.378510     -0.573192596    
   3.78999686       351.230194     -0.514122009    
   3.79999685       351.051483     -0.486263275    
   3.80999684       350.848389     -0.483623505    
   3.81999683       350.687378     -0.439720154    
   3.82999682       350.571198     -0.351795197    
   3.83999681       350.467987     -0.251724243    
   3.84999681       350.263062     -0.254173279    
   3.85999680       350.088745     -0.226825714    
   3.86999679       349.846619     -0.268093109    
   3.87999678       349.660217     -0.254432678    
   3.88999677       349.467926     -0.247470856    
   3.89999676       349.280396     -0.236530304    
   3.90999675       349.031799     -0.287456512    
   3.91999674       348.822083     -0.300292969    
   3.92999673       348.599396     -0.326877594    
   3.93999672       348.409332     -0.321632385    
   3.94999671       348.286102     -0.250324249    
   3.95999670       348.106476     -0.236194611    
   3.96999669       347.934845     -0.214843750    
   3.97999668       347.726044     -0.231430054    
   3.98999667       347.471069     -0.294956207    
   3.99999666       347.227386     -0.347953796    
   4.00999689       347.079620     -0.305793762    
   4.01999712       346.871429     -0.324821472    
   4.02999735       346.672455     -0.335388184    
   4.03999758       346.552277     -0.267906189    
   4.04999781       346.353424     -0.279842377    
   4.05999804       346.187347     -0.259754181    
   4.06999826       346.033691     -0.227989197    
   4.07999849       345.831299     -0.245700836    
   4.08999872       345.607452     -0.285606384    
   4.09999895       345.395721     -0.314121246    
   4.10999918       345.250519     -0.276847839    
   4.11999941       345.137238     -0.208381653    
   4.12999964       344.927917     -0.236679077    
   4.13999987       344.813416     -0.170879364    
   4.15000010       344.670929     -0.133777618    
   4.16000032       344.479828     -0.146015167    
   4.17000055       344.278381     -0.169311523    
   4.18000078       344.064941     -0.205314636    
   4.19000101       343.900543     -0.192981720    
   4.20000124       343.766266     -0.151229858    
   4.21000147       343.651093      -9.10797119E-02
   4.22000170       343.533966      -3.35845947E-02
   4.23000193       343.402832       9.20867920E-03
   4.24000216       343.229004       8.60595703E-03
   4.25000238       343.122986       7.51380920E-02
   4.26000261       342.969574       9.35745239E-02
   4.27000284       342.809204      0.104366302    
   4.28000307       342.677216      0.142860413    
   4.29000330       342.521637      0.157085419    
   4.30000353       342.323669      0.128242493    
   4.31000376       342.161591      0.134609222    
   4.32000399       342.033752      0.174549103    
   4.33000422       341.726624       3.45230103E-02
   4.34000444       341.542572       1.69143677E-02
   4.35000467       341.400085       4.02030945E-02
   4.36000490       341.262817       6.80465698E-02
   4.37000513       341.086029       5.57098389E-02
   4.38000536       340.931702       6.51817322E-02
   4.39000559       340.757599       5.42221069E-02
   4.40000582       340.652710      0.111827850    
   4.41000605       340.488770      0.109725952    
   4.42000628       340.321564      0.103717804    
   4.43000650       340.176208      0.118915558    
   4.44000673       339.975311       7.79304504E-02
   4.45000696       339.846985      0.108882904    
   4.46000719       339.779327      0.199863434    
   4.47000742       339.509552       8.80928040E-02
   4.48000765       339.446716      0.182628632    
   4.49000788       339.312012      0.204669952    
   4.50000811       339.185120      0.233901978    
   4.51000834       339.024170      0.228450775    
   4.52000856       338.938202      0.297355652    
   4.53000879       338.823181      0.336593628    
   4.54000902       338.668976      0.336029053    
   4.55000925       338.489868      0.309955597    
   4.56000948       338.349182      0.321685791    
   4.57000971       338.239319      0.363632202    
   4.58000994       338.119324      0.394840240    
   4.59001017       337.934113      0.360225677    
   4.60001040       337.767395      0.343513489    
   4.61001062       337.624481      0.349994659    
   4.62001085       337.558289      0.432605743    
   4.63001108       337.337158      0.359683990    
   4.64001131       337.157959      0.328102112    
   4.65001154       336.974060      0.291233063    
   4.66001177       336.879395      0.343009949    
   4.67001200       336.697510      0.306980133    
   4.68001223       336.513519      0.268264771    
   4.69001245       336.387543      0.286979675    
   4.70001268       336.266418      0.309978485    
   4.71001291       336.097626      0.284729004    
   4.72001314       335.956909      0.286979675    
   4.73001337       335.815369      0.287837982    
   4.74001360       335.719299      0.333595276    
   4.75001383       335.577454      0.333015442    
   4.76001406       335.462952      0.359214783    
   4.77001429       335.328979      0.365375519    
   4.78001451       335.192383      0.368358612    
   4.79001474       335.042816      0.357810974    
   4.80001497       335.000458      0.453922272    
   4.81001520       334.923309      0.514686584    
   4.82001543       334.774963      0.503704071    
   4.83001566       334.656525      0.522075653    
   4.84001589       334.507843      0.509662628    
   4.85001612       334.358215      0.495761871    
   4.86001635       334.206360      0.479087830    
   4.87001657       334.073975      0.481342316    
   4.88001680       333.971893      0.513366699    
   4.89001703       333.795044      0.470085144    
   4.90001726       333.667938      0.476020813    
   4.91001749       333.495239      0.435825348    
   4.92001772       333.373871      0.446434021    
   4.93001795       333.251617      0.455631256    
   4.94001818       333.097961      0.432899475    
   4.95001841       332.958496      0.423839569    
   4.96001863       332.792816      0.388038635    
   4.97001886       332.707520      0.432106018    
   4.98001909       332.554535      0.407966614    
   4.99001932       332.421051      0.402812958    
   5.00001955       332.338593      0.448177338    
   5.01001978       332.192291      0.429183960    
   5.02002001       332.060547      0.424243927    
   5.03002024       331.927948      0.417942047    
   5.04002047       331.771881      0.387660980    
   5.05002069       331.707214      0.448289871    
   5.06002092       331.491821      0.357679367    
   5.07002115       331.389801      0.379953384    
   5.08002138       331.323090      0.437036514    
   5.09002161       331.213226      0.450471878    
   5.10002184       331.183563      0.543621063    
   5.11002207       331.029114      0.511482239    
   5.12002230       330.943542      0.547742844    
   5.13002253       330.821411      0.546960831    
   5.14002275       330.672485      0.518888474    
   5.15002298       330.547058      0.513839722    
   5.16002321       330.424103      0.510774612    
   5.17002344       330.388092      0.594184875    
   5.18002367       330.271606      0.596643448    
   5.19002390       330.109894      0.553392410    
   5.20002413       330.004700      0.566190720    
   5.21002436       329.901123      0.580131531    
   5.22002459       329.829224      0.625288010    
   5.23002481       329.682098      0.594751358    
   5.24002504       329.544250      0.573019028    
   5.25002527       329.385590      0.530015945    
   5.26002550       329.302826      0.562442780    
   5.27002573       329.217560      0.591913223    
   5.28002596       329.109009      0.597642899    
   5.29002619       329.025757      0.628208160    
   5.30002642       328.875427      0.591245651    
   5.31002665       328.779327      0.608055115    
   5.32002687       328.692383      0.633575439    
   5.33002710       328.554474      0.607683182    
   5.34002733       328.432312      0.597084045    
   5.35002756       328.307098      0.582994461    
   5.36002779       328.246521      0.633090973    
   5.37002802       328.130188      0.626995087    
   5.38002825       328.011292      0.617897034    
   5.39002848       327.869324      0.585283279    
   5.40002871       327.826263      0.651145935    
   5.41002893       327.651337      0.584699631    
   5.42002916       327.547760      0.589179993    
   5.43002939       327.448975      0.598018646    
   5.44002962       327.283844      0.540075302    
   5.45002985       327.206055      0.569051743    
   5.46003008       327.053009      0.522338867    
   5.47003031       326.904846      0.480093002    
   5.48003054       326.724030      0.404769897    
   5.49003077       326.604401      0.390205383    
   5.50003099       326.461212      0.351669312    
   5.51003122       326.399170      0.393856049    
   5.52003145       326.306366      0.404870987    
   5.53003168       326.226471      0.428379059    
   5.54003191       326.113098      0.417989731    
   5.55003214       326.022125      0.429597855    
   5.56003237       325.863861      0.373497009    
   5.57003260       325.752563      0.363964081    
   5.58003283       325.598999      0.311756134    
   5.59003305       325.442261      0.255962372    
   5.60003328       325.294312      0.208560944    
   5.61003351       325.229340      0.243730545    
   5.62003374       325.149231      0.263370514    
   5.63003397       325.009918      0.223405838    
   5.64003420       324.857208      0.169643402    
   5.65003443       324.799957      0.210950851    
   5.66003466       324.701599      0.210750580    
   5.67003489       324.644684      0.251605988    
   5.68003511       324.508026      0.212331772    
   5.69003534       324.446411      0.247703552    
   5.70003557       324.368866      0.266763687    
   5.71003580       324.243134      0.237245560    
   5.72003603       324.107483      0.197431564    
   5.73003626       324.046875      0.232278824    
   5.74003649       323.966949      0.247419357    
   5.75003672       323.794952      0.170114517    
   5.76003695       323.692444      0.161916733    
   5.77003717       323.533264       9.66758728E-02
   5.78003740       323.381287       3.82614136E-02
   5.79003763       323.328369       7.85274506E-02
   5.80003786       323.298126      0.141103745    
   5.81003809       323.188568      0.123985291    
   5.82003832       323.121582      0.149080276    
   5.83003855       323.062317      0.181526184    
   5.84003878       322.962280      0.172826767    
   5.85003901       322.908875      0.210401535    
   5.86003923       322.810669      0.202806473    
   5.87003946       322.694641      0.177034378    
   5.88003969       322.616180      0.188468933    
   5.89003992       322.529419      0.191238403    
   5.90004015       322.434570      0.185565948    
   5.91004038       322.361603      0.201416016    
   5.92004061       322.251740      0.180021286    
   5.93004084       322.150421      0.166818619    
   5.94004107       322.055603      0.159757614    
   5.95004129       321.969330      0.160898209    
   5.96004152       321.911926      0.190551758    
   5.97004175       321.849457      0.214797974    
   5.98004198       321.718964      0.170673370    
   5.99004221       321.679993      0.217723846    
   6.00004244       321.627747      0.251159668    
   6.01004267       321.489349      0.198097229    
   6.02004290       321.365540      0.159286499    
   6.03004313       321.323334      0.201738358    
   6.04004335       321.293182      0.255905151    
   6.05004358       321.155121      0.201828003    
   6.06004381       321.086609      0.216960907    
   6.07004404       321.057373      0.271039963    
   6.08004427       320.955139      0.251789093    
   6.09004450       320.860321      0.239618301    
   6.10004473       320.772278      0.233896255    
   6.11004496       320.705627      0.249235153    
   6.12004519       320.583496      0.208768845    
   6.13004541       320.567688      0.274301529    
   6.14004564       320.426666      0.214290619    
   6.15004587       320.392120      0.260437012    
   6.16004610       320.291565      0.240243912    
   6.17004633       320.092743      0.121473312    
   6.18004656       320.048187      0.156644821    
   6.19004679       319.988342      0.176206589    
   6.20004702       320.001587      0.268545151    
   6.21004725       319.895477      0.241210938    
   6.22004747       319.774017      0.198213577    
   6.23004770       319.688629      0.190975189    
   6.24004793       319.585358      0.165536880    
   6.25004816       319.478271      0.135980606    
   6.26004839       319.425934      0.160854340    
   6.27004862       319.400299      0.212131500    
   6.28004885       319.336334      0.224769592    
   6.29004908       319.216614      0.181341171    
   6.30004930       319.106232      0.146951675    
   6.31004953       319.026001      0.142406464    
   6.32004976       318.956635      0.148426056    
   6.33004999       318.831543       9.84210968E-02
   6.34005022       318.751801       9.34600830E-02
   6.35005045       318.668671       8.48178864E-02
   6.36005068       318.597046       8.73794556E-02
   6.37005091       318.476135       4.03614044E-02
   6.38005114       318.433167       7.09934235E-02
   6.39005136       318.348755       5.98831177E-02
   6.40005159       318.325134      0.109273911    
   6.41005182       318.319214      0.176071167    
   6.42005205       318.190857      0.120145798    
   6.43005228       318.148285      0.149715424    
   6.44005251       318.114471      0.187751770    
   6.45005274       318.064117      0.208963394    
   6.46005297       317.961090      0.177213669    
   6.47005320       317.873413      0.160533905    
   6.48005342       317.802246      0.160079956    
   6.49005365       317.790649      0.218910217    
   6.50005388       317.761871      0.260280609    
   6.51005411       317.646332      0.214609146    
   6.52005434       317.551514      0.189380646    
   6.53005457       317.488159      0.195339203    
   6.54005480       317.466248      0.242460251    
   6.55005503       317.383942      0.228914261    
   6.56005526       317.309052      0.222507477    
   6.57005548       317.199280      0.180948257    
   6.58005571       317.136078      0.185686111    
   6.59005594       317.058441      0.175716400    
   6.60005617       317.004913      0.189586639    
   6.61005640       316.920654      0.172452927    
   6.62005663       316.858612      0.177274704    
   6.63005686       316.755768      0.141023636    
   6.64005709       316.784058      0.235639572    
   6.65005732       316.667572      0.185216904    
   6.66005754       316.521271      0.104713440    
   6.67005777       316.434387       8.33702087E-02
   6.68005800       316.362366       7.66239166E-02
   6.69005823       316.327423      0.106693268    
   6.70005846       316.256104      0.100130081    
   6.71005869       316.127075       3.55968475E-02
   6.72005892       316.080658       5.34191132E-02
   6.73005915       316.067535      0.104279518    
   6.74005938       315.973145       7.36131668E-02
   6.75005960       315.878754       4.26959991E-02
   6.76005983       315.903076      0.130236626    
   6.77006006       315.769348       5.94758987E-02
   6.78006029       315.660645       1.34906769E-02
   6.79006052       315.595245       1.05543137E-02
   6.80006075       315.547180       2.47049332E-02
   6.81006098       315.473785       1.32761002E-02
   6.82006121       315.412872       1.40838623E-02
   6.83006144       315.343140       5.82599640E-03
   6.84006166       315.282776       6.68907166E-03
   6.85006189       315.188538      -2.65645981E-02
   6.86006212       315.106384      -4.79803085E-02
   6.87006235       315.060242      -3.36236954E-02
   6.88006258       315.016266      -1.73416138E-02
   6.89006281       315.035614       6.20203018E-02
   6.90006304       315.002869       8.90522003E-02
   6.91006327       314.936462       8.21819305E-02
   6.92006350       314.865997       7.10182190E-02
   6.93006372       314.793427       5.75113297E-02
   6.94006395       314.787628      0.110538483    
   6.95006418       314.653046       3.45487595E-02
   6.96006441       314.621765       6.16254807E-02
   6.97006464       314.542633       4.06198502E-02
   6.98006487       314.480988       3.68690491E-02
   6.99006510       314.414978       2.85205841E-02
   7.00006533       314.310944      -1.80807114E-02
   7.01006556       314.261475      -1.03483200E-02
   7.02006578       314.173889      -4.09574509E-02
   7.03006601       314.086914      -7.11841583E-02
   7.04006624       314.131409       2.98290253E-02
   7.05006647       313.988037      -5.72462082E-02
   7.06006670       313.965515      -2.37007141E-02
   7.07006693       313.893524      -3.98435593E-02
   7.08006716       313.864502      -1.32408142E-02
   7.09006739       313.763458      -5.88855743E-02
   7.10006762       313.734283      -3.28788757E-02
   7.11006784       313.773926       6.17218018E-02
   7.12006807       313.664459       6.99710846E-03
   7.13006830       313.689392       8.64524841E-02
   7.14006853       313.621643       7.30066299E-02
   7.15006876       313.602203      0.107655525    
   7.16006899       313.498535       5.78565598E-02
   7.17006922       313.447052       6.00318909E-02
   7.18006945       313.386047       5.24702072E-02
   7.19006968       313.321106       4.07562256E-02
   7.20006990       313.258942       3.16095352E-02
   7.21007013       313.315277      0.140748024    
   7.22007036       313.218262       9.63287354E-02
   7.23007059       313.195740      0.126191139    
   7.24007082       313.130768      0.113392830    
   7.25007105       313.060822       9.54141617E-02
   7.26007128       313.004303       9.06534195E-02
   7.27007151       312.967468      0.105372429    
   7.28007174       312.885040       7.42921829E-02
   7.29007196       312.872070      0.112462044    
   7.30007219       312.862457      0.153788567    
   7.31007242       312.869598      0.211662292    
   7.32007265       312.776672      0.169268608    
   7.33007288       312.726105      0.169032097    
   7.34007311       312.724792      0.217846870    
   7.35007334       312.726532      0.269516945    
   7.36007357       312.718262      0.310974121    
   7.37007380       312.745270      0.387515068    
   7.38007402       312.631958      0.323537827    
   7.39007425       312.613861      0.354575157    
   7.40007448       312.628143      0.417798996    
   7.41007471       312.599518      0.437916756    
   7.42007494       312.546051      0.433001518    
   7.43007517       312.479736      0.415044785    
   7.44007540       312.380829      0.364298820    
   7.45007563       312.310394      0.341836929    
   7.46007586       312.222351      0.301571846    
   7.47007608       312.125946      0.252757072    
   7.48007631       311.985657      0.159867287    
   7.49007654       311.932373      0.153791428    
   7.50007677       311.840546      0.108986855    
   7.51007700       311.791840      0.107112885    
   7.52007723       311.762115      0.124036789    
   7.53007746       311.733429      0.141811371    
   7.54007769       311.646271      0.100926399    
   7.55007792       311.647797      0.148543358    
   7.56007814       311.604401      0.151052475    
   7.57007837       311.538574      0.130949974    
   7.58007860       311.502380      0.140296936    
   7.59007883       311.467468      0.150741577    
   7.60007906       311.423096      0.151547432    
   7.61007929       311.388794      0.162241936    
   7.62007952       311.272308       9.05752182E-02
   7.63007975       311.203979       6.68859482E-02
   7.64007998       311.107239       1.46045685E-02
   7.65008020       311.156921      0.108571053    
   7.66008043       311.125977      0.121729851    
   7.67008066       311.057770       9.74550247E-02
   7.68008089       311.024750      0.108190536    
   7.69008112       310.977417      0.104435921    
   7.70008135       310.937439      0.107865334    
   7.71008158       310.880707       9.43641663E-02
   7.72008181       310.779633       3.63502502E-02
   7.73008204       310.779205       7.88135529E-02
   7.74008226       310.814850      0.157173157    
   7.75008249       310.791534      0.176404953    
   7.76008272       310.730469      0.157714844    
   7.77008295       310.703522      0.172975540    
   7.78008318       310.644287      0.155781746    
   7.79008341       310.651306      0.204669952    
   7.80008364       310.561157      0.156226158    
   7.81008387       310.563843      0.200448036    
   7.82008410       310.545410      0.223387718    
   7.83008432       310.508209      0.227395058    
   7.84008455       310.452179      0.212405205    
   7.85008478       310.432251      0.233356476    
   7.86008501       310.387543      0.229362488    
   7.87008524       310.345734      0.228106499    
   7.88008547       310.281433      0.204196930    
   7.89008570       310.257385      0.220376968    
   7.90008593       310.219391      0.222452164    
   7.91008615       310.184204      0.227172852    
   7.92008638       310.100250      0.182969093    
   7.93008661       310.053864      0.176175117    
   7.94008684       309.977875      0.139616966    
   7.95008707       309.935394      0.136412621    
   7.96008730       309.838531       7.86676407E-02
   7.97008753       309.809296       8.83951187E-02
   7.98008776       309.813446      0.131352425    
   7.99008799       309.828033      0.184591293    
   8.00008774       309.748993      0.144046783    
   8.01008797       309.684296      0.117693901    
   8.02008820       309.606750       7.83386230E-02
   8.03008842       309.519073       2.87008286E-02
   8.04008865       309.567444      0.114955902    
   8.05008888       309.523010      0.108259201    
   8.06008911       309.421509       4.43429947E-02
   8.07008934       309.426605       8.68730545E-02
   8.08008957       309.372894       7.04479218E-02
   8.09008980       309.354187       8.88757706E-02
   8.10009003       309.350037      0.121714592    
   8.11009026       309.373413      0.181931496    
   8.12009048       309.361633      0.206843376    
   8.13009071       309.255493      0.137251854    
   8.14009094       309.267883      0.186040878    
   8.15009117       309.288879      0.243294716    
   8.16009140       309.229645      0.220170975    
   8.17009163       309.156006      0.182497978    
   8.18009186       309.112762      0.175078392    
   8.19009209       309.117645      0.215640068    
   8.20009232       309.098877      0.232410431    
   8.21009254       309.052094      0.221022606    
   8.22009277       309.027405      0.231588364    
   8.23009300       308.972290      0.211587906    
   8.24009323       308.927155      0.201425552    
   8.25009346       308.881683      0.190788269    
   8.26009369       308.856720      0.200521469    
   8.27009392       308.772522      0.150877953    
   8.28009415       308.733795      0.146570206    
   8.29009438       308.664398      0.111453056    
   8.30009460       308.624390      0.105589867    
   8.31009483       308.637451      0.152660370    
   8.32009506       308.534119       8.31985474E-02
   8.33009529       308.530426      0.113244057    
   8.34009552       308.544952      0.161371231    
   8.35009575       308.516083      0.165969849    
   8.36009598       308.499420      0.182642937    
   8.37009621       308.423798      0.140220642    
   8.38009644       308.360596      0.110088348    
   8.39009666       308.340088      0.122516632    
   8.40009689       308.263519       7.87534714E-02
   8.41009712       308.278320      0.126230240    
   8.42009735       308.242371      0.122822762    
   8.43009758       308.223633      0.136499405    
   8.44009781       308.136017       8.11681747E-02
   8.45009804       308.157288      0.134594917    
   8.46009827       308.122009      0.131345272    
   8.47009850       308.028168       6.94012642E-02
   8.48009872       308.008453       8.14604759E-02
   8.49009895       307.977631       8.22815895E-02
   8.50009918       307.912689       4.88595963E-02
   8.51009941       307.908142       7.57064819E-02
   8.52009964       307.935211      0.134042263    
   8.53009987       307.923798      0.153772831    
   8.54010010       307.942230      0.203223705    
   8.55010033       307.881348      0.173236370    
   8.56010056       307.835022      0.157683372    
   8.57010078       307.789215      0.142524242    
   8.58010101       307.750946      0.134781837    
   8.59010124       307.676880       9.11192894E-02
   8.60010147       307.686371      0.130894184    
   8.61010170       307.638062      0.112748146    
   8.62010193       307.629059      0.133785725    
   8.63010216       307.541473       7.61227608E-02
   8.64010239       307.537933      0.102384567    
   8.65010262       307.473938       6.80732727E-02
   8.66010284       307.411652       3.53522301E-02
   8.67010307       307.419769       7.29160309E-02
   8.68010330       307.423676      0.106152058    
   8.69010353       307.452576      0.164263248    
   8.70010376       307.453857      0.194641590    
   8.71010399       307.465668      0.235432148    
   8.72010422       307.469727      0.268353462    
   8.73010445       307.399872      0.227248669    
   8.74010468       307.326599      0.182608604    
   8.75010490       307.275604      0.160133839    
   8.76010513       307.279144      0.192080498    
   8.77010536       307.244446      0.185673237    
   8.78010559       307.227295      0.196702003    
   8.79010582       307.216827      0.214300156    
   8.80010605       307.244568      0.269996166    
   8.81010628       307.196442      0.249713898    
   8.82010651       307.144043      0.225046635    
   8.83010674       307.129395      0.238019943    
   8.84010696       307.133667      0.269802570    
   8.85010719       307.091156      0.254693031    
   8.86010742       307.136078      0.326907635    
   8.87010765       307.121307      0.339319229    
   8.88010788       307.122162      0.367248535    
   8.89010811       307.136169      0.408221245    
   8.90010834       307.121582      0.420493603    
   8.91010857       307.065643      0.391306877    
   8.92010880       307.079742      0.432049751    
   8.93010902       307.043091      0.421936989    
   8.94010925       307.074921      0.480197906    
   8.95010948       306.987000      0.418604374    
   8.96010971       306.968262      0.426088810    
   8.97010994       306.920898      0.404841900    
   8.98011017       306.927551      0.437508106    
   8.99011040       306.876648      0.412512302    
   9.00011063       306.819763      0.381433964    
   9.01011086       306.765289      0.352663517    
   9.02011108       306.766846      0.379818439    
   9.03011131       306.697083      0.335553646    
   9.04011154       306.717682      0.381547928    
   9.05011177       306.707489      0.396650314    
   9.06011200       306.620972      0.335326672    
   9.07011223       306.641785      0.381232262    
   9.08011246       306.656494      0.420935154    
   9.09011269       306.656403      0.445735455    
   9.10011292       306.560730      0.374856949    
   9.11011314       306.567230      0.406052589    
   9.12011337       306.537323      0.400740623    
   9.13011360       306.458527      0.346442223    
   9.14011383       306.447418      0.359733105    
   9.15011406       306.459045      0.395663738    
   9.16011429       306.441559      0.402383327    
   9.17011452       306.400330      0.385262489    
   9.18011475       306.385498      0.394443989    
   9.19011497       306.311066      0.343927860    
   9.20011520       306.377655      0.434339046    
   9.21011543       306.334167      0.414578438    
   9.22011566       306.294037      0.398078442    
   9.23011589       306.265411      0.392991066    
   9.24011612       306.203430      0.354452133    
   9.25011635       306.211426      0.385797977    
   9.26011658       306.213013      0.410642147    
   9.27011681       306.179657      0.400448799    
   9.28011703       306.167145      0.411008835    
   9.29011726       306.121765      0.388607502    
   9.30011749       306.102814      0.392543793    
   9.31011772       306.139313      0.451838970    
   9.32011795       306.143066      0.478297234    
   9.33011818       306.053711      0.411556244    
   9.34011841       306.097809      0.478177547    
   9.35011864       306.070801      0.473604202    
   9.36011887       306.066895      0.492043018    
   9.37011909       305.989349      0.436752319    
   9.38011932       305.907104      0.376674652    
   9.39011955       305.839996      0.331643581    
   9.40011978       305.772583      0.286221027    
   9.41012001       305.726257      0.261797428    
   9.42012024       305.689575      0.246929646    
   9.43012047       305.708954      0.288036346    
   9.44012070       305.640778      0.241500378    
   9.45012093       305.656555      0.278832912    
   9.46012115       305.649567      0.293313026    
   9.47012138       305.638702      0.303830624    
   9.48012161       305.602936      0.289362431    
   9.49012184       305.607361      0.314998627    
   9.50012207       305.563538      0.292303562    
   9.51012230       305.578674      0.328484535    
   9.52012253       305.576874      0.347641945    
   9.53012276       305.534393      0.326037884    
   9.54012299       305.506378      0.318814278    
   9.55012321       305.531525      0.364670753    
   9.56012344       305.542633      0.396406174    
   9.57012367       305.472076      0.346392632    
   9.58012390       305.521637      0.416416168    
   9.59012413       305.471069      0.386228085    
   9.60012436       305.476166      0.411624432    
   9.61012459       305.390289      0.345966339    
   9.62012482       305.353394      0.329207897    
   9.63012505       305.362793      0.358664513    
   9.64012527       305.345337      0.361184597    
   9.65012550       305.279694      0.315439224    
   9.66012573       305.272308      0.327872276    
   9.67012596       305.302765      0.378066540    
   9.68012619       305.266388      0.361350060    
   9.69012642       305.192963      0.307505608    
   9.70012665       305.183258      0.317304611    
   9.71012688       305.131470      0.284942150    
   9.72012711       305.063019      0.235838413    
   9.73012733       305.093018      0.285108089    
   9.74012756       305.070923      0.282206535    
   9.75012779       305.124603      0.355004311    
   9.76012802       305.135925      0.385367393    
   9.77012825       305.100525      0.368931293    
   9.78012848       305.074860      0.362155437    
   9.79012871       305.096924      0.403032303    
   9.80012894       305.082489      0.407336712    
   9.81012917       305.058990      0.402502537    
   9.82012939       305.096344      0.458444595    
   9.83012962       305.071533      0.452148914    
   9.84012985       305.088104      0.487160206    
   9.85013008       305.071320      0.488743305    
   9.86013031       305.028595      0.464313984    
   9.87013054       304.992859      0.446797848    
   9.88013077       305.016113      0.488201141    
   9.89013100       305.035767      0.525929451    
   9.90013123       305.030792      0.538959503    
   9.91013145       305.018799      0.544898033    
   9.92013168       304.980743      0.524702549    
   9.93013191       304.956909      0.518657684    
   9.94013214       304.970978      0.550443649    
   9.95013237       304.925079      0.522192955    
   9.96013260       304.980560      0.595251083    
   9.97013283       305.008392      0.640588760    
   9.98013306       304.965973      0.615606785    
   9.99013329       304.928925      0.595924854    
   10.0001335       304.908630      0.592928410    
   10.0101337       304.881439      0.582966805    
   10.0201340       304.936462      0.655150414    
   10.0301342       304.952881      0.688658237    
   10.0401344       304.992828      0.745629787    
   10.0501347       305.014374      0.784130573    
   10.0601349       304.954346      0.740990639    
   10.0701351       304.877106      0.680571079    
   10.0801353       304.836700      0.656917095    
   10.0901356       304.806702      0.643604755    
   10.1001358       304.732422      0.585945129    
   10.1101360       304.806702      0.676778793    
   10.1201363       304.789673      0.676237106    
   10.1301365       304.817871      0.720855236    
   10.1401367       304.730164      0.649503708    
   10.1501369       304.644318      0.579948902    
   10.1601372       304.656921      0.608778000    
   10.1701374       304.614868      0.582885742    
   10.1801376       304.641571      0.625683308    
   10.1901379       304.617828      0.617972851    
   10.2001381       304.586517      0.602629900    
   10.2101383       304.612549      0.644566059    
   10.2201385       304.628906      0.676764488    
   10.2301388       304.596405      0.660038948    
   10.2401390       304.625488      0.704837084    
   10.2501392       304.598816      0.693816423    
   10.2601395       304.578400      0.688989639    
   10.2701397       304.589294      0.715412140    
   10.2801399       304.572418      0.713999271    
   10.2901402       304.558899      0.715883493    
   10.3001404       304.531677      0.704003572    
   10.3101406       304.514954      0.702560902    
   10.3201408       304.544189      0.747016668    
   10.3301411       304.497070      0.715054750    
   10.3401413       304.519318      0.752400637    
   10.3501415       304.516632      0.764753342    
   10.3601418       304.402557      0.665657043    
   10.3701420       304.449646      0.727663994    
   10.3801422       304.439056      0.731931448    
   10.3901424       304.380707      0.688381672    
   10.4001427       304.377655      0.700070381    
   10.4101429       304.377014      0.714111090    
   10.4201431       304.304169      0.655888557    
   10.4301434       304.363281      0.729564190    
   10.4401436       304.381226      0.762014866    
   10.4501438       304.377594      0.772831917    
   10.4601440       304.413055      0.822684288    
   10.4701443       304.410339      0.834301710    
   10.4801445       304.416229      0.854465961    
   10.4901447       304.395660      0.848116636    
   10.5001450       304.294067      0.760686159    
   10.5101452       304.321442      0.802166224    
   10.5201454       304.269257      0.764030695    
   10.5301456       304.220398      0.729164124    
   10.5401459       304.248413      0.771116734    
   10.5501461       304.226715      0.763300896    
   10.5601463       304.315186      0.865597963    
   10.5701466       304.240082      0.804265499    
   10.5801468       304.249725      0.827624083    
   10.5901470       304.211334      0.802894592    
   10.6001472       304.262604      0.867771149    
   10.6101475       304.294891      0.913611650    
   10.6201477       304.307770      0.939988852    
   10.6301479       304.317596      0.963258982    
   10.6401482       304.334961      0.994014502    
   10.6501484       304.419189       1.09158063    
   10.6601486       304.490967       1.17664242    
   10.6701488       304.443848       1.14275479    
   10.6801491       304.446716       1.15880060    
   10.6901493       304.456665       1.18187523    
   10.7001495       304.423798       1.16208148    
   10.7101498       304.428986       1.18029070    
   10.7201500       304.378387       1.14266205    
   10.7301502       304.342896       1.12008643    
   10.7401505       304.353027       1.14308405    
   10.7501507       304.402130       1.20500183    
   10.7601509       304.398132       1.21376753    
   10.7701511       304.326263       1.15461111    
   10.7801514       304.336060       1.17706752    
   10.7901516       304.341400       1.19501972    
   10.8001518       304.349915       1.21609497    
   10.8101521       304.307678       1.18636942    
   10.8201523       304.266113       1.15726542    
   10.8301525       304.206024       1.10958576    
   10.8401527       304.154968       1.07089162    
   10.8501530       304.207123       1.13535833    
   10.8601532       304.198578       1.13907671    
   10.8701534       304.181152       1.13386512    
   10.8801537       304.108673       1.07354975    
   10.8901539       304.062469       1.03946304    
   10.9001541       304.051910       1.04097247    
   10.9101543       304.021881       1.02296329    
   10.9201546       303.978699      0.991753101    
   10.9301548       303.942871      0.967848778    
   10.9401550       303.883667      0.920521498    
   10.9501553       303.938965      0.987648726    
   10.9601555       303.975433       1.03589964    
   10.9701557       303.989807       1.06200838    
   10.9801559       303.948090       1.03197789    
   10.9901562       303.961548       1.05707788    
   11.0001564       303.993988       1.10111308    
   11.0101566       303.967468       1.08614230    
   11.0201569       304.047852       1.17802835    
   11.0301571       304.120087       1.26171923    
   11.0401573       304.067780       1.22082305    
   11.0501575       304.002838       1.16724753    
   11.0601578       303.953156       1.12888503    
   11.0701580       303.889709       1.07671404    
   11.0801582       303.910065       1.10829782    
   11.0901585       303.911438       1.12085652    
   11.1001587       303.902863       1.12342143    
   11.1101589       303.893066       1.12472153    
   11.1201591       303.881348       1.12405443    
   11.1301594       303.808929       1.06264257    
   11.1401596       303.818878       1.08355498    
   11.1501598       303.798859       1.07445550    
   11.1601601       303.751007       1.03748035    
   11.1701603       303.795044       1.09235024    
   11.1801605       303.753723       1.06181765    
   11.1901608       303.696442       1.01528287    
   11.2001610       303.694824       1.02436924    
   11.2101612       303.669128       1.00933409    
   11.2201614       303.680145       1.03096962    
   11.2301617       303.664093       1.02549219    
   11.2401619       303.617310      0.989242554    
   11.2501621       303.665710       1.04813504    
   11.2601624       303.621521       1.01439548    
   11.2701626       303.642792       1.04607439    
   11.2801628       303.633362       1.04700994    
   11.2901630       303.632965       1.05693841    
   11.3001633       303.715729       1.14998603    
   11.3101635       303.720825       1.16532540    
   11.3201637       303.807220       1.26192284    
   11.3301640       303.790253       1.25511503    
   11.3401642       303.729614       1.20459747    
   11.3501644       303.729706       1.21476936    
   11.3601646       303.668488       1.16359115    
   11.3701649       303.626526       1.13162947    
   11.3801651       303.611511       1.12657404    
   11.3901653       303.600830       1.12581301    
   11.4001656       303.573547       1.10841107    
   11.4101658       303.624603       1.16930819    
   11.4201660       303.600677       1.15518451    
   11.4301662       303.515900       1.08016849    
   11.4401665       303.515625       1.08961773    
   11.4501667       303.490387       1.07406473    
   11.4601669       303.473785       1.06710958    
   11.4701672       303.407990       1.01092172    
   11.4801674       303.450500       1.06300116    
   11.4901676       303.434753       1.05678535    
   11.5001678       303.424469       1.05599427    
   11.5101681       303.443237       1.08421803    
   11.5201683       303.433014       1.08341241    
   11.5301685       303.469879       1.12965631    
   11.5401688       303.449463       1.11858296    
   11.5501690       303.454590       1.13301516    
   11.5601692       303.444672       1.13236523    
   11.5701694       303.475159       1.17208338    
   11.5801697       303.450897       1.15701509    
   11.5901699       303.399200       1.11447597    
   11.6001701       303.316132       1.04052830    
   11.6101704       303.331268       1.06474972    
   11.6201706       303.403809       1.14633822    
   11.6301708       303.344727       1.09626746    
   11.6401711       303.286499       1.04701614    
   11.6501713       303.238342       1.00779986    
   11.6601715       303.244720       1.02308273    
   11.6701717       303.179413      0.966644526    
   11.6801720       303.088104      0.884168625    
   11.6901722       303.080719      0.885581970    
   11.7001724       303.145050      0.958676338    
   11.7101727       303.152710      0.975064516    
   11.7201729       303.059998      0.891045809    
   11.7301731       303.015503      0.855209112    
   11.7401733       302.960449      0.808779716    
   11.7501736       302.921417      0.778337717    
   11.7601738       302.894592      0.760068417    
   11.7701740       302.909180      0.783177137    
   11.7801743       302.926300      0.808784008    
   11.7901745       302.928467      0.819404125    
   11.8001747       302.910187      0.809543848    
   11.8101749       302.964020      0.871763229    
   11.8201752       303.012817      0.928913355    
   11.8301754       303.048279      0.972693205    
   11.8401756       303.040955      0.973655224    
   11.8501759       303.025421      0.966374636    
   11.8601761       303.001221      0.950394392    
   11.8701763       302.969666      0.927026510    
   11.8801765       302.942841      0.908355236    
   11.8901768       302.943115      0.916751862    
   11.9001770       302.899353      0.881079435    
   11.9101772       302.927795      0.917579174    
   11.9201775       302.899933      0.897741795    
   11.9301777       302.918488      0.924288750    
   11.9401779       302.930115      0.943876982    
   11.9501781       302.904541      0.926232815    
   11.9601784       302.909851      0.939440727    
   11.9701786       302.877563      0.915019393    
   11.9801788       302.868958      0.914247155    
   11.9901791       302.846680      0.899773121    
   12.0001793       302.847137      0.908003211    
   12.0101795       302.819794      0.888400912    
   12.0201797       302.769958      0.846276164    
   12.0301800       302.726074      0.810070753    
   12.0401802       302.700287      0.791932344    
   12.0501804       302.675476      0.774740100    
   12.0601807       302.665192      0.772043824    
   12.0701809       302.699127      0.813537121    
   12.0801811       302.653107      0.775043368    
   12.0901814       302.635345      0.764779806    
   12.1001816       302.634064      0.770965695    
   12.1101818       302.649414      0.793753982    
   12.1201820       302.631805      0.783553362    
   12.1301823       302.671326      0.830451369    
   12.1401825       302.726990      0.893464565    
   12.1501827       302.664612      0.838406444    
   12.1601830       302.649139      0.830224633    
   12.1701832       302.660889      0.849235415    
   12.1801834       302.651031      0.846609831    
   12.1901836       302.663971      0.866752982    
   12.2001839       302.686554      0.896510720    
   12.2101841       302.616058      0.833161354    
   12.2201843       302.637726      0.861946464    
   12.2301846       302.548462      0.779770970    
   12.2401848       302.553864      0.792233586    
   12.2501850       302.552887      0.798289776    
   12.2601852       302.583740      0.836147785    
   12.2701855       302.586090      0.845474243    
   12.2801857       302.596039      0.862371087    
   12.2901859       302.576050      0.849303246    
   12.3001862       302.531586      0.811732650    
   12.3101864       302.565308      0.852320552    
   12.3201866       302.568481      0.862332940    
   12.3301868       302.539642      0.840304255    
   12.3401871       302.492584      0.800030351    
   12.3501873       302.462494      0.776697040    
   12.3601875       302.467651      0.788584471    
   12.3701878       302.479248      0.806884289    
   12.3801880       302.500641      0.834952712    
   12.3901882       302.525970      0.866932154    
   12.4001884       302.520355      0.867940068    
   12.4101887       302.538239      0.892420173    
   12.4201889       302.487244      0.847995639    
   12.4301891       302.508270      0.875565767    
   12.4401894       302.441833      0.815647006    
   12.4501896       302.389465      0.769770980    
   12.4601898       302.354980      0.741752267    
   12.4701900       302.395233      0.788445234    
   12.4801903       302.429779      0.829404950    
   12.4901905       302.440277      0.846292019    
   12.5001907       302.421570      0.833948255    
   12.5101910       302.399048      0.817764401    
   12.5201912       302.381256      0.806285501    
   12.5301914       302.403442      0.834758639    
   12.5401917       302.424591      0.862169743    
   12.5501919       302.449066      0.892882347    
   12.5601921       302.436005      0.886033416    
   12.5701923       302.365784      0.822000265    
   12.5801926       302.400543      0.862922192    
   12.5901928       302.328400      0.796917081    
   12.6001930       302.317841      0.792472005    
   12.6101933       302.263519      0.744240284    
   12.6201935       302.250458      0.737244010    
   12.6301937       302.223694      0.716520309    
   12.6401939       302.259583      0.758426070    
   12.6501942       302.212372      0.717208266    
   12.6601944       302.208160      0.718965769    
   12.6701946       302.259552      0.776302576    
   12.6801949       302.252625      0.775295734    
   12.6901951       302.229065      0.757634044    
   12.7001953       302.204315      0.738758564    
   12.7101955       302.136719      0.677012801    
   12.7201958       302.166260      0.712381244    
   12.7301960       302.175598      0.727523088    
   12.7401962       302.223145      0.780850530    
   12.7501965       302.261780      0.825243711    
   12.7601967       302.360504      0.929702997    
   12.7701969       302.298401      0.873311758    
   12.7801971       302.316254      0.896853089    
   12.7901974       302.354462      0.940727592    
   12.8001976       302.369781      0.961691380    
   12.8101978       302.428589       1.02612007    
   12.8201981       302.471710       1.07484031    
   12.8301983       302.546143       1.15484858    
   12.8401985       302.529633       1.14389300    
   12.8501987       302.548492       1.16828501    
   12.8601990       302.525513       1.15081525    
   12.8701992       302.534882       1.16567230    
   12.8801994       302.554352       1.19060802    
   12.8901997       302.498169       1.13986945    
   12.9001999       302.444214       1.09133697    
   12.9102001       302.423584       1.07610798    
   12.9202003       302.418365       1.07626891    
   12.9302006       302.402588       1.06584859    
   12.9402008       302.383636       1.05223382    
   12.9502010       302.363739       1.03765154    
   12.9602013       302.389221       1.06842768    
   12.9702015       302.364655       1.04913390    
   12.9802017       302.333862       1.02359283    
   12.9902020       302.312592       1.00755298    
   13.0002022       302.243561      0.943732142    
   13.0102024       302.229218      0.934578061    
   13.0202026       302.282837      0.993365884    
   13.0302029       302.256317      0.971993327    
   13.0402031       302.230316      0.951119542    
   13.0502033       302.120575      0.846485138    
   13.0602036       302.164215      0.895211816    
   13.0702038       302.134094      0.870157003    
   13.0802040       302.056274      0.797382474    
   13.0902042       302.061432      0.807565808    
   13.1002045       302.054962      0.806101680    
   13.1102047       301.997284      0.753409147    
   13.1202049       301.990356      0.751447439    
   13.1302052       302.004395      0.770430923    
   13.1402054       301.987061      0.758023262    
   13.1502056       302.024811      0.800680041    
   13.1602058       302.060852      0.841608167    
   13.1702061       302.100098      0.885721207    
   13.1802063       302.114471      0.904942393    
   13.1902065       302.161743      0.957042933    
   13.2002068       302.174927      0.975035906    
   13.2102070       302.178680      0.983579755    
   13.2202072       302.149261      0.958931923    
   13.2302074       302.133636      0.948058367    
   13.2402077       302.154205      0.973360181    
   13.2502079       302.161591      0.985459685    
   13.2602081       302.187714       1.01627803    
   13.2702084       302.181488       1.01472914    
   13.2802086       302.175446       1.01334393    
   13.2902088       302.191895       1.03443229    
   13.3002090       302.226410       1.07356846    
   13.3102093       302.194641       1.04640210    
   13.3202095       302.189514       1.04585910    
   13.3302097       302.152313       1.01322329    
   13.3402100       302.154297       1.01975453    
   13.3502102       302.110107      0.980094314    
   13.3602104       302.062988      0.937486410    
   13.3702106       301.983398      0.862389803    
   13.3802109       301.986023      0.869489074    
   13.3902111       302.018555      0.906478286    
   13.4002113       301.943390      0.835752964    
   13.4102116       301.933105      0.829890609    
   13.4202118       301.884583      0.785771847    
   13.4302120       301.870331      0.775906205    
   13.4402122       301.872223      0.782167554    
   13.4502125       301.879639      0.793935061    
   13.4602127       301.838806      0.757436872    
   13.4702129       301.846802      0.769749522    
   13.4802132       301.849976      0.777222633    
   13.4902134       301.849121      0.780650735    
   13.5002136       301.844910      0.780704856    
   13.5102139       301.846985      0.787028551    
   13.5202141       301.835266      0.779541373    
   13.5302143       301.784302      0.732791185    
   13.5402145       301.781464      0.734150887    
   13.5502148       301.790222      0.747090578    
   13.5602150       301.803619      0.764652133    
   13.5702152       301.749268      0.714448094    
   13.5802155       301.789307      0.758617878    
   13.5902157       301.795166      0.768591881    
   13.6002159       301.779205      0.756729484    
   13.6102161       301.709076      0.690682054    
   13.6202164       301.685059      0.670730352    
   13.6302166       301.713959      0.703679442    
   13.6402168       301.713531      0.707285404    
   13.6502171       301.746246      0.744017363    
   13.6602173       301.750549      0.752321422    
   13.6702175       301.813324      0.819081247    
   13.6802177       301.854309      0.864035070    
   13.6902180       301.843079      0.856757998    
   13.7002182       301.835327      0.852944076    
   13.7102184       301.796692      0.818230689    
   13.7202187       301.794617      0.820061743    
   13.7302189       301.737976      0.767311215    
   13.7402191       301.698914      0.732123792    
   13.7502193       301.734253      0.771322787    
   13.7602196       301.738403      0.779317439    
   13.7702198       301.697845      0.742588341    
   13.7802200       301.665436      0.713991880    
   13.7902203       301.659515      0.711869776    
   13.8002205       301.586212      0.642349780    
   13.8102207       301.606293      0.666198432    
   13.8202209       301.599640      0.663298607    
   13.8302212       301.638550      0.705946088    
   13.8402214       301.631165      0.702284098    
   13.8502216       301.584900      0.659727633    
   13.8602219       301.614380      0.692901075    
   13.8702221       301.646271      0.728470683    
   13.8802223       301.605927      0.691790044    
   13.8902225       301.543030      0.632542729    
   13.9002228       301.502716      0.595863879    
   13.9102230       301.520172      0.616940260    
   13.9202232       301.501251      0.601625264    
   13.9302235       301.471008      0.574973345    
   13.9402237       301.425964      0.533506572    
   13.9502239       301.401428      0.512533307    
   13.9602242       301.378845      0.493498981    
   13.9702244       301.385468      0.503655732    
   13.9802246       301.362762      0.484470606    
   13.9902248       301.362152      0.487366557    
   14.0002251       301.333038      0.461745143    
   14.0102253       301.294922      0.427107036    
   14.0202255       301.267212      0.402861536    
   14.0302258       301.265137      0.404236615    
   14.0402260       301.233276      0.375813186    
   14.0502262       301.220001      0.365961194    
   14.0602264       301.292664      0.442032993    
   14.0702267       301.310120      0.462884963    
   14.0802269       301.304535      0.460682154    
   14.0902271       301.365692      0.525208235    
   14.1002274       301.341919      0.504790366    
   14.1102276       301.289795      0.456008315    
   14.1202278       301.276489      0.446031332    
   14.1302280       301.256012      0.428869009    
   14.1402283       301.276825      0.452984095    
   14.1502285       301.284363      0.463810861    
   14.1602287       301.308289      0.491012454    
   14.1702290       301.274536      0.460522771    
   14.1802292       301.227753      0.416988611    
   14.1902294       301.239746      0.432218790    
   14.2002296       301.257965      0.453661561    
   14.2102299       301.230865      0.429772913    
   14.2202301       301.268005      0.470110893    
   14.2302303       301.224823      0.430113494    
   14.2402306       301.225128      0.433591306    
   14.2502308       301.227203      0.438826442    
   14.2602310       301.245605      0.460375905    
   14.2702312       301.234161      0.452066600    
   14.2802315       301.228943      0.449970007    
   14.2902317       301.172913      0.397049546    
   14.3002319       301.168121      0.395355701    
   14.3102322       301.166962      0.397281110    
   14.3202324       301.235260      0.468652129    
   14.3302326       301.223389      0.459840894    
   14.3402328       301.134888      0.374388099    
   14.3502331       301.178772      0.421308517    
   14.3602333       301.173065      0.418625653    
   14.3702335       301.147400      0.395972192    
   14.3802338       301.145935      0.397506833    
   14.3902340       301.218140      0.472699344    
   14.4002342       301.216156      0.473691642    
   14.4102345       301.228149      0.488649130    
   14.4202347       301.236877      0.500329375    
   14.4302349       301.305237      0.571628809    
   14.4402351       301.302826      0.572146654    
   14.4502354       301.304535      0.576772630    
   14.4602356       301.262573      0.537716329    
   14.4702358       301.259674      0.537710905    
   14.4802361       301.264587      0.545506120    
   14.4902363       301.267548      0.551337063    
   14.5002365       301.266510      0.553158700    
   14.5102367       301.258118      0.547614217    
   14.5202370       301.301331      0.593663633    
   14.5302372       301.247345      0.542502761    
   14.5402374       301.194427      0.492399216    
   14.5502377       301.210144      0.510918379    
   14.5602379       301.189423      0.492988348    
   14.5702381       301.245483      0.551829517    
   14.5802383       301.181854      0.490969181    
   14.5902386       301.162628      0.474501252    
   14.6002388       301.221527      0.536147356    
   14.6102390       301.218109      0.535465598    
   14.6202393       301.338470      0.658552110    
   14.6302395       301.364532      0.687328219    
   14.6402397       301.437500      0.762999237    
   14.6502399       301.489655      0.817846537    
   14.6602402       301.455688      0.786562443    
   14.6702404       301.441833      0.775378764    
   14.6802406       301.407074      0.743279576    
   14.6902409       301.387817      0.726672947    
   14.7002411       301.343903      0.685397565    
   14.7102413       301.326721      0.670845032    
   14.7202415       301.266266      0.613008082    
   14.7302418       301.238251      0.587600589    
   14.7402420       301.175293      0.527240396    
   14.7502422       301.231842      0.586376607    
   14.7602425       301.242004      0.599115789    
   14.7702427       301.324371      0.684049249    
   14.7802429       301.281281      0.643514454    
   14.7902431       301.231049      0.595828533    
   14.8002434       301.223389      0.590704620    
   14.8102436       301.185791      0.555632710    
   14.8202438       301.135712      0.508069098    
   14.8302441       301.093262      0.468124509    
   14.8402443       301.094421      0.471779823    
   14.8502445       301.129395      0.509238660    
   14.8602448       301.071472      0.453792155    
   14.8702450       301.098907      0.483693361    
   14.8802452       301.125641      0.512882471    
   14.8902454       301.120758      0.510445893    
   14.9002457       301.141388      0.533512294    
   14.9102459       301.118256      0.512806714    
   14.9202461       301.094452      0.491420090    
   14.9302464       301.044434      0.443808913    
   14.9402466       301.069672      0.471444726    
   14.9502468       301.086426      0.490587175    
   14.9602470       301.069702      0.476242244    
   14.9702473       301.076782      0.485691547    
   14.9802475       301.055206      0.466475070    
   14.9902477       301.045959      0.459578574    
   15.0002480       301.045563      0.461522758    
